{
  "nbformat": 4,
  "nbformat_minor": 0,
  "metadata": {
    "colab": {
      "provenance": []
    },
    "kernelspec": {
      "name": "python3",
      "display_name": "Python 3"
    },
    "language_info": {
      "name": "python"
    }
  },
  "cells": [
    {
      "cell_type": "code",
      "execution_count": null,
      "metadata": {
        "colab": {
          "base_uri": "https://localhost:8080/"
        },
        "id": "_DvwieSRa8Zu",
        "outputId": "20344923-0177-4b07-fede-bd8ae18a488e"
      },
      "outputs": [
        {
          "output_type": "stream",
          "name": "stdout",
          "text": [
            "/content/drive/MyDrive/Colab Notebooks/ANLY2500_01_Fall2025/LC/L23\n"
          ]
        }
      ],
      "source": [
        "%cd \"/content/drive/MyDrive/Colab Notebooks/ANLY2500_01_Fall2025/LC/L23\""
      ]
    },
    {
      "cell_type": "code",
      "source": [
        "from google.colab import drive\n",
        "drive.mount('/content/drive')"
      ],
      "metadata": {
        "colab": {
          "base_uri": "https://localhost:8080/"
        },
        "id": "36zfWmllcGzo",
        "outputId": "5df46718-a3d5-4bcf-e352-d418998d4c2c"
      },
      "execution_count": null,
      "outputs": [
        {
          "output_type": "stream",
          "name": "stdout",
          "text": [
            "Mounted at /content/drive\n"
          ]
        }
      ]
    },
    {
      "cell_type": "code",
      "source": [
        "%pip install jupysql duckdb duckdb-engine --quiet\n",
        "# Load the SQL extension\n",
        "%load_ext sql\n",
        "# Setting: Show all rows\n",
        "%config SqlMagic.displaylimit = None"
      ],
      "metadata": {
        "colab": {
          "base_uri": "https://localhost:8080/",
          "height": 104
        },
        "id": "Jk5aXJr3bG5h",
        "outputId": "f68e0b96-2cd6-47a5-8d51-7cef20c21506"
      },
      "execution_count": null,
      "outputs": [
        {
          "output_type": "stream",
          "name": "stdout",
          "text": [
            "\u001b[?25l   \u001b[90m━━━━━━━━━━━━━━━━━━━━━━━━━━━━━━━━━━━━━━━━\u001b[0m \u001b[32m0.0/95.1 kB\u001b[0m \u001b[31m?\u001b[0m eta \u001b[36m-:--:--\u001b[0m\r\u001b[2K   \u001b[90m━━━━━━━━━━━━━━━━━━━━━━━━━━━━━━━━━━━━━━━━\u001b[0m \u001b[32m95.1/95.1 kB\u001b[0m \u001b[31m4.5 MB/s\u001b[0m eta \u001b[36m0:00:00\u001b[0m\n",
            "\u001b[?25h\u001b[?25l   \u001b[90m━━━━━━━━━━━━━━━━━━━━━━━━━━━━━━━━━━━━━━━━\u001b[0m \u001b[32m0.0/49.7 kB\u001b[0m \u001b[31m?\u001b[0m eta \u001b[36m-:--:--\u001b[0m\r\u001b[2K   \u001b[90m━━━━━━━━━━━━━━━━━━━━━━━━━━━━━━━━━━━━━━━━\u001b[0m \u001b[32m49.7/49.7 kB\u001b[0m \u001b[31m4.7 MB/s\u001b[0m eta \u001b[36m0:00:00\u001b[0m\n",
            "\u001b[2K   \u001b[90m━━━━━━━━━━━━━━━━━━━━━━━━━━━━━━━━━━━━━━━━\u001b[0m \u001b[32m192.8/192.8 kB\u001b[0m \u001b[31m12.1 MB/s\u001b[0m eta \u001b[36m0:00:00\u001b[0m\n",
            "\u001b[2K   \u001b[90m━━━━━━━━━━━━━━━━━━━━━━━━━━━━━━━━━━━━━━━━\u001b[0m \u001b[32m138.7/138.7 kB\u001b[0m \u001b[31m13.4 MB/s\u001b[0m eta \u001b[36m0:00:00\u001b[0m\n",
            "\u001b[?25h"
          ]
        },
        {
          "output_type": "display_data",
          "data": {
            "text/plain": [
              "displaylimit: Value None will be treated as 0 (no limit)"
            ],
            "text/html": [
              "<span style=\"None\">displaylimit: Value None will be treated as 0 (no limit)</span>"
            ]
          },
          "metadata": {}
        }
      ]
    },
    {
      "cell_type": "code",
      "source": [
        "%ls"
      ],
      "metadata": {
        "colab": {
          "base_uri": "https://localhost:8080/"
        },
        "id": "xKmuOw9bbLrZ",
        "outputId": "fa49de7d-74e2-4a5d-f53a-9c92ea2fadf3"
      },
      "execution_count": null,
      "outputs": [
        {
          "output_type": "stream",
          "name": "stdout",
          "text": [
            "City.db  L23_LCP.ipynb\n"
          ]
        }
      ]
    },
    {
      "cell_type": "code",
      "source": [
        "%sql sqlite:///City.db"
      ],
      "metadata": {
        "colab": {
          "base_uri": "https://localhost:8080/",
          "height": 34
        },
        "id": "lUoGnaJQbNfp",
        "outputId": "f4313173-f516-4378-f4ea-ac2911acff43"
      },
      "execution_count": null,
      "outputs": [
        {
          "output_type": "display_data",
          "data": {
            "text/plain": [
              "Connecting to 'sqlite:///City.db'"
            ],
            "text/html": [
              "<span style=\"None\">Connecting to &#x27;sqlite:///City.db&#x27;</span>"
            ]
          },
          "metadata": {}
        }
      ]
    },
    {
      "cell_type": "code",
      "source": [
        "%sqlcmd tables"
      ],
      "metadata": {
        "colab": {
          "base_uri": "https://localhost:8080/",
          "height": 62
        },
        "id": "x08T3YOQbb1M",
        "outputId": "f0805fc8-acd5-4c87-f74d-d98a5d25fa3b"
      },
      "execution_count": null,
      "outputs": [
        {
          "output_type": "execute_result",
          "data": {
            "text/plain": [
              "+------+\n",
              "| Name |\n",
              "+------+\n",
              "| data |\n",
              "+------+"
            ],
            "text/html": [
              "<table>\n",
              "    <thead>\n",
              "        <tr>\n",
              "            <th>Name</th>\n",
              "        </tr>\n",
              "    </thead>\n",
              "    <tbody>\n",
              "        <tr>\n",
              "            <td>data</td>\n",
              "        </tr>\n",
              "    </tbody>\n",
              "</table>"
            ]
          },
          "metadata": {},
          "execution_count": 6
        }
      ]
    },
    {
      "cell_type": "code",
      "source": [
        "%sqlcmd columns -t data"
      ],
      "metadata": {
        "colab": {
          "base_uri": "https://localhost:8080/",
          "height": 169
        },
        "id": "06b06plfbfbt",
        "outputId": "8bf3905d-198e-4d1a-ef15-785bc9a2724a"
      },
      "execution_count": null,
      "outputs": [
        {
          "output_type": "execute_result",
          "data": {
            "text/plain": [
              "+------------+---------+----------+---------+-------------+\n",
              "|    name    |   type  | nullable | default | primary_key |\n",
              "+------------+---------+----------+---------+-------------+\n",
              "|     ID     | INTEGER |  False   |   None  |      1      |\n",
              "|    City    |   TEXT  |   True   |   None  |      0      |\n",
              "|   State    |   TEXT  |   True   |   None  |      0      |\n",
              "| Population | INTEGER |   True   |   None  |      0      |\n",
              "|    lat     |   REAL  |   True   |   None  |      0      |\n",
              "|    lon     |   REAL  |   True   |   None  |      0      |\n",
              "+------------+---------+----------+---------+-------------+"
            ],
            "text/html": [
              "<table>\n",
              "    <thead>\n",
              "        <tr>\n",
              "            <th>name</th>\n",
              "            <th>type</th>\n",
              "            <th>nullable</th>\n",
              "            <th>default</th>\n",
              "            <th>primary_key</th>\n",
              "        </tr>\n",
              "    </thead>\n",
              "    <tbody>\n",
              "        <tr>\n",
              "            <td>ID</td>\n",
              "            <td>INTEGER</td>\n",
              "            <td>False</td>\n",
              "            <td>None</td>\n",
              "            <td>1</td>\n",
              "        </tr>\n",
              "        <tr>\n",
              "            <td>City</td>\n",
              "            <td>TEXT</td>\n",
              "            <td>True</td>\n",
              "            <td>None</td>\n",
              "            <td>0</td>\n",
              "        </tr>\n",
              "        <tr>\n",
              "            <td>State</td>\n",
              "            <td>TEXT</td>\n",
              "            <td>True</td>\n",
              "            <td>None</td>\n",
              "            <td>0</td>\n",
              "        </tr>\n",
              "        <tr>\n",
              "            <td>Population</td>\n",
              "            <td>INTEGER</td>\n",
              "            <td>True</td>\n",
              "            <td>None</td>\n",
              "            <td>0</td>\n",
              "        </tr>\n",
              "        <tr>\n",
              "            <td>lat</td>\n",
              "            <td>REAL</td>\n",
              "            <td>True</td>\n",
              "            <td>None</td>\n",
              "            <td>0</td>\n",
              "        </tr>\n",
              "        <tr>\n",
              "            <td>lon</td>\n",
              "            <td>REAL</td>\n",
              "            <td>True</td>\n",
              "            <td>None</td>\n",
              "            <td>0</td>\n",
              "        </tr>\n",
              "    </tbody>\n",
              "</table>"
            ]
          },
          "metadata": {},
          "execution_count": 7
        }
      ]
    },
    {
      "cell_type": "code",
      "source": [
        "%%sql\n",
        "select *\n",
        "from data\n",
        "where State='Utah'\n",
        ";"
      ],
      "metadata": {
        "colab": {
          "base_uri": "https://localhost:8080/",
          "height": 464
        },
        "id": "Mcn24t75blFo",
        "outputId": "931410c1-a2cb-4526-810b-2c98df9f66a3"
      },
      "execution_count": null,
      "outputs": [
        {
          "output_type": "display_data",
          "data": {
            "text/plain": [
              "Running query in 'sqlite:///City.db'"
            ],
            "text/html": [
              "<span style=\"None\">Running query in &#x27;sqlite:///City.db&#x27;</span>"
            ]
          },
          "metadata": {}
        },
        {
          "output_type": "execute_result",
          "data": {
            "text/plain": [
              "+-----+------------------+-------+------------+--------------------+---------------------+\n",
              "|  ID |       City       | State | Population |        lat         |         lon         |\n",
              "+-----+------------------+-------+------------+--------------------+---------------------+\n",
              "|  32 |      Logan       |  Utah |   48913    |     41.7369803     |     -111.8338359    |\n",
              "| 194 |   South Jordan   |  Utah |   59366    |     40.5621704     |     -111.929658     |\n",
              "| 286 |    Bountiful     |  Utah |   43023    |     40.8893895     |     -111.880771     |\n",
              "| 382 |      Provo       |  Utah |   116288   |     40.2338438     |     -111.6585337    |\n",
              "| 435 |   Spanish Fork   |  Utah |   36956    |     40.114955      |     -111.654923     |\n",
              "| 441 |   Taylorsville   |  Utah |   60519    |     40.6677248     |     -111.9388258    |\n",
              "| 467 |     Riverton     |  Utah |   40921    |     40.521893      |     -111.9391023    |\n",
              "| 501 |       Lehi       |  Utah |   54382    |     40.3916172     |     -111.8507662    |\n",
              "| 534 |      Ogden       |  Utah |   84249    |       41.223       |     -111.9738304    |\n",
              "| 569 |      Layton      |  Utah |   70790    |     41.0602216     |     -111.9710529    |\n",
              "| 604 |      Murray      |  Utah |   48612    |     40.6668916     |     -111.8879909    |\n",
              "| 631 |      Sandy       |  Utah |   90231    | 40.564978100000005 |     -111.8389726    |\n",
              "| 674 | West Valley City |  Utah |   133579   | 40.691613200000006 |     -112.0010501    |\n",
              "| 677 |       Orem       |  Utah |   91648    |     40.2968979     | -111.69464750000002 |\n",
              "| 738 |       Roy        |  Utah |   37733    |     41.1616108     |     -112.0263313    |\n",
              "| 763 |      Draper      |  Utah |   45285    |     40.5246711     |     -111.8638226    |\n",
              "| 857 |    St. George    |  Utah |   76817    |     37.0965278     |     -113.5684164    |\n",
              "| 956 |   West Jordan    |  Utah |   110077   |     40.6096698     |     -111.9391031    |\n",
              "| 965 |  Salt Lake City  |  Utah |   191180   |     40.7607793     | -111.89104740000002 |\n",
              "+-----+------------------+-------+------------+--------------------+---------------------+"
            ],
            "text/html": [
              "<table>\n",
              "    <thead>\n",
              "        <tr>\n",
              "            <th>ID</th>\n",
              "            <th>City</th>\n",
              "            <th>State</th>\n",
              "            <th>Population</th>\n",
              "            <th>lat</th>\n",
              "            <th>lon</th>\n",
              "        </tr>\n",
              "    </thead>\n",
              "    <tbody>\n",
              "        <tr>\n",
              "            <td>32</td>\n",
              "            <td>Logan</td>\n",
              "            <td>Utah</td>\n",
              "            <td>48913</td>\n",
              "            <td>41.7369803</td>\n",
              "            <td>-111.8338359</td>\n",
              "        </tr>\n",
              "        <tr>\n",
              "            <td>194</td>\n",
              "            <td>South Jordan</td>\n",
              "            <td>Utah</td>\n",
              "            <td>59366</td>\n",
              "            <td>40.5621704</td>\n",
              "            <td>-111.929658</td>\n",
              "        </tr>\n",
              "        <tr>\n",
              "            <td>286</td>\n",
              "            <td>Bountiful</td>\n",
              "            <td>Utah</td>\n",
              "            <td>43023</td>\n",
              "            <td>40.8893895</td>\n",
              "            <td>-111.880771</td>\n",
              "        </tr>\n",
              "        <tr>\n",
              "            <td>382</td>\n",
              "            <td>Provo</td>\n",
              "            <td>Utah</td>\n",
              "            <td>116288</td>\n",
              "            <td>40.2338438</td>\n",
              "            <td>-111.6585337</td>\n",
              "        </tr>\n",
              "        <tr>\n",
              "            <td>435</td>\n",
              "            <td>Spanish Fork</td>\n",
              "            <td>Utah</td>\n",
              "            <td>36956</td>\n",
              "            <td>40.114955</td>\n",
              "            <td>-111.654923</td>\n",
              "        </tr>\n",
              "        <tr>\n",
              "            <td>441</td>\n",
              "            <td>Taylorsville</td>\n",
              "            <td>Utah</td>\n",
              "            <td>60519</td>\n",
              "            <td>40.6677248</td>\n",
              "            <td>-111.9388258</td>\n",
              "        </tr>\n",
              "        <tr>\n",
              "            <td>467</td>\n",
              "            <td>Riverton</td>\n",
              "            <td>Utah</td>\n",
              "            <td>40921</td>\n",
              "            <td>40.521893</td>\n",
              "            <td>-111.9391023</td>\n",
              "        </tr>\n",
              "        <tr>\n",
              "            <td>501</td>\n",
              "            <td>Lehi</td>\n",
              "            <td>Utah</td>\n",
              "            <td>54382</td>\n",
              "            <td>40.3916172</td>\n",
              "            <td>-111.8507662</td>\n",
              "        </tr>\n",
              "        <tr>\n",
              "            <td>534</td>\n",
              "            <td>Ogden</td>\n",
              "            <td>Utah</td>\n",
              "            <td>84249</td>\n",
              "            <td>41.223</td>\n",
              "            <td>-111.9738304</td>\n",
              "        </tr>\n",
              "        <tr>\n",
              "            <td>569</td>\n",
              "            <td>Layton</td>\n",
              "            <td>Utah</td>\n",
              "            <td>70790</td>\n",
              "            <td>41.0602216</td>\n",
              "            <td>-111.9710529</td>\n",
              "        </tr>\n",
              "        <tr>\n",
              "            <td>604</td>\n",
              "            <td>Murray</td>\n",
              "            <td>Utah</td>\n",
              "            <td>48612</td>\n",
              "            <td>40.6668916</td>\n",
              "            <td>-111.8879909</td>\n",
              "        </tr>\n",
              "        <tr>\n",
              "            <td>631</td>\n",
              "            <td>Sandy</td>\n",
              "            <td>Utah</td>\n",
              "            <td>90231</td>\n",
              "            <td>40.564978100000005</td>\n",
              "            <td>-111.8389726</td>\n",
              "        </tr>\n",
              "        <tr>\n",
              "            <td>674</td>\n",
              "            <td>West Valley City</td>\n",
              "            <td>Utah</td>\n",
              "            <td>133579</td>\n",
              "            <td>40.691613200000006</td>\n",
              "            <td>-112.0010501</td>\n",
              "        </tr>\n",
              "        <tr>\n",
              "            <td>677</td>\n",
              "            <td>Orem</td>\n",
              "            <td>Utah</td>\n",
              "            <td>91648</td>\n",
              "            <td>40.2968979</td>\n",
              "            <td>-111.69464750000002</td>\n",
              "        </tr>\n",
              "        <tr>\n",
              "            <td>738</td>\n",
              "            <td>Roy</td>\n",
              "            <td>Utah</td>\n",
              "            <td>37733</td>\n",
              "            <td>41.1616108</td>\n",
              "            <td>-112.0263313</td>\n",
              "        </tr>\n",
              "        <tr>\n",
              "            <td>763</td>\n",
              "            <td>Draper</td>\n",
              "            <td>Utah</td>\n",
              "            <td>45285</td>\n",
              "            <td>40.5246711</td>\n",
              "            <td>-111.8638226</td>\n",
              "        </tr>\n",
              "        <tr>\n",
              "            <td>857</td>\n",
              "            <td>St. George</td>\n",
              "            <td>Utah</td>\n",
              "            <td>76817</td>\n",
              "            <td>37.0965278</td>\n",
              "            <td>-113.5684164</td>\n",
              "        </tr>\n",
              "        <tr>\n",
              "            <td>956</td>\n",
              "            <td>West Jordan</td>\n",
              "            <td>Utah</td>\n",
              "            <td>110077</td>\n",
              "            <td>40.6096698</td>\n",
              "            <td>-111.9391031</td>\n",
              "        </tr>\n",
              "        <tr>\n",
              "            <td>965</td>\n",
              "            <td>Salt Lake City</td>\n",
              "            <td>Utah</td>\n",
              "            <td>191180</td>\n",
              "            <td>40.7607793</td>\n",
              "            <td>-111.89104740000002</td>\n",
              "        </tr>\n",
              "    </tbody>\n",
              "</table>"
            ]
          },
          "metadata": {},
          "execution_count": 9
        }
      ]
    },
    {
      "cell_type": "code",
      "source": [
        "# asc: desc:\n",
        "%%sql\n",
        "select *\n",
        "from data\n",
        "where State='Utah'\n",
        "order by Population desc\n",
        ";"
      ],
      "metadata": {
        "colab": {
          "base_uri": "https://localhost:8080/",
          "height": 464
        },
        "id": "VFOZ_eJXbxeO",
        "outputId": "c1adf2c4-da9a-4a08-eb9e-859de926b028"
      },
      "execution_count": null,
      "outputs": [
        {
          "output_type": "display_data",
          "data": {
            "text/plain": [
              "Running query in 'sqlite:///City.db'"
            ],
            "text/html": [
              "<span style=\"None\">Running query in &#x27;sqlite:///City.db&#x27;</span>"
            ]
          },
          "metadata": {}
        },
        {
          "output_type": "execute_result",
          "data": {
            "text/plain": [
              "+-----+------------------+-------+------------+--------------------+---------------------+\n",
              "|  ID |       City       | State | Population |        lat         |         lon         |\n",
              "+-----+------------------+-------+------------+--------------------+---------------------+\n",
              "| 965 |  Salt Lake City  |  Utah |   191180   |     40.7607793     | -111.89104740000002 |\n",
              "| 674 | West Valley City |  Utah |   133579   | 40.691613200000006 |     -112.0010501    |\n",
              "| 382 |      Provo       |  Utah |   116288   |     40.2338438     |     -111.6585337    |\n",
              "| 956 |   West Jordan    |  Utah |   110077   |     40.6096698     |     -111.9391031    |\n",
              "| 677 |       Orem       |  Utah |   91648    |     40.2968979     | -111.69464750000002 |\n",
              "| 631 |      Sandy       |  Utah |   90231    | 40.564978100000005 |     -111.8389726    |\n",
              "| 534 |      Ogden       |  Utah |   84249    |       41.223       |     -111.9738304    |\n",
              "| 857 |    St. George    |  Utah |   76817    |     37.0965278     |     -113.5684164    |\n",
              "| 569 |      Layton      |  Utah |   70790    |     41.0602216     |     -111.9710529    |\n",
              "| 441 |   Taylorsville   |  Utah |   60519    |     40.6677248     |     -111.9388258    |\n",
              "| 194 |   South Jordan   |  Utah |   59366    |     40.5621704     |     -111.929658     |\n",
              "| 501 |       Lehi       |  Utah |   54382    |     40.3916172     |     -111.8507662    |\n",
              "|  32 |      Logan       |  Utah |   48913    |     41.7369803     |     -111.8338359    |\n",
              "| 604 |      Murray      |  Utah |   48612    |     40.6668916     |     -111.8879909    |\n",
              "| 763 |      Draper      |  Utah |   45285    |     40.5246711     |     -111.8638226    |\n",
              "| 286 |    Bountiful     |  Utah |   43023    |     40.8893895     |     -111.880771     |\n",
              "| 467 |     Riverton     |  Utah |   40921    |     40.521893      |     -111.9391023    |\n",
              "| 738 |       Roy        |  Utah |   37733    |     41.1616108     |     -112.0263313    |\n",
              "| 435 |   Spanish Fork   |  Utah |   36956    |     40.114955      |     -111.654923     |\n",
              "+-----+------------------+-------+------------+--------------------+---------------------+"
            ],
            "text/html": [
              "<table>\n",
              "    <thead>\n",
              "        <tr>\n",
              "            <th>ID</th>\n",
              "            <th>City</th>\n",
              "            <th>State</th>\n",
              "            <th>Population</th>\n",
              "            <th>lat</th>\n",
              "            <th>lon</th>\n",
              "        </tr>\n",
              "    </thead>\n",
              "    <tbody>\n",
              "        <tr>\n",
              "            <td>965</td>\n",
              "            <td>Salt Lake City</td>\n",
              "            <td>Utah</td>\n",
              "            <td>191180</td>\n",
              "            <td>40.7607793</td>\n",
              "            <td>-111.89104740000002</td>\n",
              "        </tr>\n",
              "        <tr>\n",
              "            <td>674</td>\n",
              "            <td>West Valley City</td>\n",
              "            <td>Utah</td>\n",
              "            <td>133579</td>\n",
              "            <td>40.691613200000006</td>\n",
              "            <td>-112.0010501</td>\n",
              "        </tr>\n",
              "        <tr>\n",
              "            <td>382</td>\n",
              "            <td>Provo</td>\n",
              "            <td>Utah</td>\n",
              "            <td>116288</td>\n",
              "            <td>40.2338438</td>\n",
              "            <td>-111.6585337</td>\n",
              "        </tr>\n",
              "        <tr>\n",
              "            <td>956</td>\n",
              "            <td>West Jordan</td>\n",
              "            <td>Utah</td>\n",
              "            <td>110077</td>\n",
              "            <td>40.6096698</td>\n",
              "            <td>-111.9391031</td>\n",
              "        </tr>\n",
              "        <tr>\n",
              "            <td>677</td>\n",
              "            <td>Orem</td>\n",
              "            <td>Utah</td>\n",
              "            <td>91648</td>\n",
              "            <td>40.2968979</td>\n",
              "            <td>-111.69464750000002</td>\n",
              "        </tr>\n",
              "        <tr>\n",
              "            <td>631</td>\n",
              "            <td>Sandy</td>\n",
              "            <td>Utah</td>\n",
              "            <td>90231</td>\n",
              "            <td>40.564978100000005</td>\n",
              "            <td>-111.8389726</td>\n",
              "        </tr>\n",
              "        <tr>\n",
              "            <td>534</td>\n",
              "            <td>Ogden</td>\n",
              "            <td>Utah</td>\n",
              "            <td>84249</td>\n",
              "            <td>41.223</td>\n",
              "            <td>-111.9738304</td>\n",
              "        </tr>\n",
              "        <tr>\n",
              "            <td>857</td>\n",
              "            <td>St. George</td>\n",
              "            <td>Utah</td>\n",
              "            <td>76817</td>\n",
              "            <td>37.0965278</td>\n",
              "            <td>-113.5684164</td>\n",
              "        </tr>\n",
              "        <tr>\n",
              "            <td>569</td>\n",
              "            <td>Layton</td>\n",
              "            <td>Utah</td>\n",
              "            <td>70790</td>\n",
              "            <td>41.0602216</td>\n",
              "            <td>-111.9710529</td>\n",
              "        </tr>\n",
              "        <tr>\n",
              "            <td>441</td>\n",
              "            <td>Taylorsville</td>\n",
              "            <td>Utah</td>\n",
              "            <td>60519</td>\n",
              "            <td>40.6677248</td>\n",
              "            <td>-111.9388258</td>\n",
              "        </tr>\n",
              "        <tr>\n",
              "            <td>194</td>\n",
              "            <td>South Jordan</td>\n",
              "            <td>Utah</td>\n",
              "            <td>59366</td>\n",
              "            <td>40.5621704</td>\n",
              "            <td>-111.929658</td>\n",
              "        </tr>\n",
              "        <tr>\n",
              "            <td>501</td>\n",
              "            <td>Lehi</td>\n",
              "            <td>Utah</td>\n",
              "            <td>54382</td>\n",
              "            <td>40.3916172</td>\n",
              "            <td>-111.8507662</td>\n",
              "        </tr>\n",
              "        <tr>\n",
              "            <td>32</td>\n",
              "            <td>Logan</td>\n",
              "            <td>Utah</td>\n",
              "            <td>48913</td>\n",
              "            <td>41.7369803</td>\n",
              "            <td>-111.8338359</td>\n",
              "        </tr>\n",
              "        <tr>\n",
              "            <td>604</td>\n",
              "            <td>Murray</td>\n",
              "            <td>Utah</td>\n",
              "            <td>48612</td>\n",
              "            <td>40.6668916</td>\n",
              "            <td>-111.8879909</td>\n",
              "        </tr>\n",
              "        <tr>\n",
              "            <td>763</td>\n",
              "            <td>Draper</td>\n",
              "            <td>Utah</td>\n",
              "            <td>45285</td>\n",
              "            <td>40.5246711</td>\n",
              "            <td>-111.8638226</td>\n",
              "        </tr>\n",
              "        <tr>\n",
              "            <td>286</td>\n",
              "            <td>Bountiful</td>\n",
              "            <td>Utah</td>\n",
              "            <td>43023</td>\n",
              "            <td>40.8893895</td>\n",
              "            <td>-111.880771</td>\n",
              "        </tr>\n",
              "        <tr>\n",
              "            <td>467</td>\n",
              "            <td>Riverton</td>\n",
              "            <td>Utah</td>\n",
              "            <td>40921</td>\n",
              "            <td>40.521893</td>\n",
              "            <td>-111.9391023</td>\n",
              "        </tr>\n",
              "        <tr>\n",
              "            <td>738</td>\n",
              "            <td>Roy</td>\n",
              "            <td>Utah</td>\n",
              "            <td>37733</td>\n",
              "            <td>41.1616108</td>\n",
              "            <td>-112.0263313</td>\n",
              "        </tr>\n",
              "        <tr>\n",
              "            <td>435</td>\n",
              "            <td>Spanish Fork</td>\n",
              "            <td>Utah</td>\n",
              "            <td>36956</td>\n",
              "            <td>40.114955</td>\n",
              "            <td>-111.654923</td>\n",
              "        </tr>\n",
              "    </tbody>\n",
              "</table>"
            ]
          },
          "metadata": {},
          "execution_count": 11
        }
      ]
    },
    {
      "cell_type": "code",
      "source": [
        "%%sql\n",
        "select *\n",
        "from data\n",
        "where State='Utah'\n",
        "order by Population asc\n",
        ";"
      ],
      "metadata": {
        "colab": {
          "base_uri": "https://localhost:8080/",
          "height": 464
        },
        "id": "QIyF8wpRb_8F",
        "outputId": "23616990-6aef-47ac-eee9-8f311e6b38ad"
      },
      "execution_count": null,
      "outputs": [
        {
          "output_type": "display_data",
          "data": {
            "text/plain": [
              "Running query in 'sqlite:///City.db'"
            ],
            "text/html": [
              "<span style=\"None\">Running query in &#x27;sqlite:///City.db&#x27;</span>"
            ]
          },
          "metadata": {}
        },
        {
          "output_type": "execute_result",
          "data": {
            "text/plain": [
              "+-----+------------------+-------+------------+--------------------+---------------------+\n",
              "|  ID |       City       | State | Population |        lat         |         lon         |\n",
              "+-----+------------------+-------+------------+--------------------+---------------------+\n",
              "| 435 |   Spanish Fork   |  Utah |   36956    |     40.114955      |     -111.654923     |\n",
              "| 738 |       Roy        |  Utah |   37733    |     41.1616108     |     -112.0263313    |\n",
              "| 467 |     Riverton     |  Utah |   40921    |     40.521893      |     -111.9391023    |\n",
              "| 286 |    Bountiful     |  Utah |   43023    |     40.8893895     |     -111.880771     |\n",
              "| 763 |      Draper      |  Utah |   45285    |     40.5246711     |     -111.8638226    |\n",
              "| 604 |      Murray      |  Utah |   48612    |     40.6668916     |     -111.8879909    |\n",
              "|  32 |      Logan       |  Utah |   48913    |     41.7369803     |     -111.8338359    |\n",
              "| 501 |       Lehi       |  Utah |   54382    |     40.3916172     |     -111.8507662    |\n",
              "| 194 |   South Jordan   |  Utah |   59366    |     40.5621704     |     -111.929658     |\n",
              "| 441 |   Taylorsville   |  Utah |   60519    |     40.6677248     |     -111.9388258    |\n",
              "| 569 |      Layton      |  Utah |   70790    |     41.0602216     |     -111.9710529    |\n",
              "| 857 |    St. George    |  Utah |   76817    |     37.0965278     |     -113.5684164    |\n",
              "| 534 |      Ogden       |  Utah |   84249    |       41.223       |     -111.9738304    |\n",
              "| 631 |      Sandy       |  Utah |   90231    | 40.564978100000005 |     -111.8389726    |\n",
              "| 677 |       Orem       |  Utah |   91648    |     40.2968979     | -111.69464750000002 |\n",
              "| 956 |   West Jordan    |  Utah |   110077   |     40.6096698     |     -111.9391031    |\n",
              "| 382 |      Provo       |  Utah |   116288   |     40.2338438     |     -111.6585337    |\n",
              "| 674 | West Valley City |  Utah |   133579   | 40.691613200000006 |     -112.0010501    |\n",
              "| 965 |  Salt Lake City  |  Utah |   191180   |     40.7607793     | -111.89104740000002 |\n",
              "+-----+------------------+-------+------------+--------------------+---------------------+"
            ],
            "text/html": [
              "<table>\n",
              "    <thead>\n",
              "        <tr>\n",
              "            <th>ID</th>\n",
              "            <th>City</th>\n",
              "            <th>State</th>\n",
              "            <th>Population</th>\n",
              "            <th>lat</th>\n",
              "            <th>lon</th>\n",
              "        </tr>\n",
              "    </thead>\n",
              "    <tbody>\n",
              "        <tr>\n",
              "            <td>435</td>\n",
              "            <td>Spanish Fork</td>\n",
              "            <td>Utah</td>\n",
              "            <td>36956</td>\n",
              "            <td>40.114955</td>\n",
              "            <td>-111.654923</td>\n",
              "        </tr>\n",
              "        <tr>\n",
              "            <td>738</td>\n",
              "            <td>Roy</td>\n",
              "            <td>Utah</td>\n",
              "            <td>37733</td>\n",
              "            <td>41.1616108</td>\n",
              "            <td>-112.0263313</td>\n",
              "        </tr>\n",
              "        <tr>\n",
              "            <td>467</td>\n",
              "            <td>Riverton</td>\n",
              "            <td>Utah</td>\n",
              "            <td>40921</td>\n",
              "            <td>40.521893</td>\n",
              "            <td>-111.9391023</td>\n",
              "        </tr>\n",
              "        <tr>\n",
              "            <td>286</td>\n",
              "            <td>Bountiful</td>\n",
              "            <td>Utah</td>\n",
              "            <td>43023</td>\n",
              "            <td>40.8893895</td>\n",
              "            <td>-111.880771</td>\n",
              "        </tr>\n",
              "        <tr>\n",
              "            <td>763</td>\n",
              "            <td>Draper</td>\n",
              "            <td>Utah</td>\n",
              "            <td>45285</td>\n",
              "            <td>40.5246711</td>\n",
              "            <td>-111.8638226</td>\n",
              "        </tr>\n",
              "        <tr>\n",
              "            <td>604</td>\n",
              "            <td>Murray</td>\n",
              "            <td>Utah</td>\n",
              "            <td>48612</td>\n",
              "            <td>40.6668916</td>\n",
              "            <td>-111.8879909</td>\n",
              "        </tr>\n",
              "        <tr>\n",
              "            <td>32</td>\n",
              "            <td>Logan</td>\n",
              "            <td>Utah</td>\n",
              "            <td>48913</td>\n",
              "            <td>41.7369803</td>\n",
              "            <td>-111.8338359</td>\n",
              "        </tr>\n",
              "        <tr>\n",
              "            <td>501</td>\n",
              "            <td>Lehi</td>\n",
              "            <td>Utah</td>\n",
              "            <td>54382</td>\n",
              "            <td>40.3916172</td>\n",
              "            <td>-111.8507662</td>\n",
              "        </tr>\n",
              "        <tr>\n",
              "            <td>194</td>\n",
              "            <td>South Jordan</td>\n",
              "            <td>Utah</td>\n",
              "            <td>59366</td>\n",
              "            <td>40.5621704</td>\n",
              "            <td>-111.929658</td>\n",
              "        </tr>\n",
              "        <tr>\n",
              "            <td>441</td>\n",
              "            <td>Taylorsville</td>\n",
              "            <td>Utah</td>\n",
              "            <td>60519</td>\n",
              "            <td>40.6677248</td>\n",
              "            <td>-111.9388258</td>\n",
              "        </tr>\n",
              "        <tr>\n",
              "            <td>569</td>\n",
              "            <td>Layton</td>\n",
              "            <td>Utah</td>\n",
              "            <td>70790</td>\n",
              "            <td>41.0602216</td>\n",
              "            <td>-111.9710529</td>\n",
              "        </tr>\n",
              "        <tr>\n",
              "            <td>857</td>\n",
              "            <td>St. George</td>\n",
              "            <td>Utah</td>\n",
              "            <td>76817</td>\n",
              "            <td>37.0965278</td>\n",
              "            <td>-113.5684164</td>\n",
              "        </tr>\n",
              "        <tr>\n",
              "            <td>534</td>\n",
              "            <td>Ogden</td>\n",
              "            <td>Utah</td>\n",
              "            <td>84249</td>\n",
              "            <td>41.223</td>\n",
              "            <td>-111.9738304</td>\n",
              "        </tr>\n",
              "        <tr>\n",
              "            <td>631</td>\n",
              "            <td>Sandy</td>\n",
              "            <td>Utah</td>\n",
              "            <td>90231</td>\n",
